         1          2          7          5          3          8          1          1          2          3          6          3 
         4          2          6          7          5          5          2          3          1          5          3          8 
         1          6          6          2          1          1          3          1          8          4          3          7 
         8          8          7          1          3          3          5          8          2          1          2          5 
         6          8          2          6          2          1          3          2          6          4          1          4 
         5          3          8          8          6          4          2          4          5          2          6          5 
         8          1          6          2          4          1          4          5          8          4          4          7 
         1          2          8          2          6          7          8          2          3          5          6          5 
         8          8          1          6          6          6          1          4          3          4          7          8 
         7          4          6          2          1          8          5          2          6          5          2          6 
         6          1          8          8          3          2          4          1          5          2          7          8 
         3          4          6          4          2          7          8          2          8          4          2          5 
