         6          7          7          2          7          5          6          3          8          5          8          1 
         7          8          1          8          8          3          7          5          4          6          8          6 
         4          8          3          6          3          7          1          2          4          5          1          7 
         1          8          3          7          4          3          3          3          4          8          5          2 
         8          8          5          8          4          6          1          5          2          1          2          1 
         6          3          4          1          7          7          3          2          7          4          4          7 
         4          1          7          7          6          3          8          1          8          4          7          1 
         8          8          6          8          6          5          5          2          8          7          4          7 
         8          7          4          3          2          6          1          1          8          4          8          7 
         4          4          3          5          7          7          4          3          7          4          7          6 
         5          2          5          8          6          4          3          8          7          6          5          8 
         6          7          4          4          1          1          4          2          8          2          8          4 
