         3          1          5          1          4          7          4          7          3          5          1          3 
         8          6          2          4          4          3          3          2          8          1          1          4 
         3          7          7          8          8          3          1          4          4          1          6          1 
         2          6          8          3          7          1          5          2          7          1          2          7 
         7          1          4          6          7          7          4          1          6          8          7          4 
         3          3          1          5          6          8          4          4          6          3          8          5 
         7          8          1          7          2          6          3          6          7          4          6          1 
         8          1          3          1          8          4          5          3          2          8          6          5 
         3          6          6          7          7          7          8          3          8          6          6          1 
         8          4          4          8          7          5          5          4          7          2          2          8 
         1          6          2          5          2          2          5          2          5          1          1          7 
         5          2          4          1          3          2          6          2          1          4          1          7 
