         3          1          5          1          6          7          8          8          3          7          4          7 
         5          7          2          4          8          2          8          8          7          7          8          8 
         3          1          5          1          4          4          7          3          5          1          2          8 
         3          5          2          2          3          5          6          3          1          6          2          1 
         3          8          4          3          5          6          4          8          3          3          7          7 
         8          7          1          4          1          1          6          4          6          1          4          2 
         6          4          4          3          4          4          5          2          4          5          5          7 
         4          4          4          6          7          4          5          5          2          5          5          8 
         4          2          4          2          7          1          8          4          3          6          5          4 
         3          3          3          6          1          1          2          4          3          1          4          4 
         4          4          8          6          1          4          7          1          5          3          7          4 
         2          4          6          8          1          5          1          1          8          1          4          5 
