         5          2          6          5          4          7          6          4          1          3          5          4 
         5          5          2          6          1          7          5          3          1          5          4          6 
         1          5          8          2          6          1          2          1          6          3          1          6 
         7          2          8          2          6          5          2          4          5          6          2          6 
         4          3          3          6          2          4          8          8          4          3          3          6 
         5          8          4          3          4          7          7          7          8          1          4          6 
         5          7          7          8          2          8          2          3          8          4          8          3 
         5          6          8          6          2          8          4          1          4          5          6          5 
         7          3          2          2          3          1          6          7          1          2          4          4 
         1          8          5          3          8          8          7          3          6          5          3          5 
         1          5          8          1          3          5          1          5          3          5          1          3 
         4          4          8          4          5          4          1          8          3          8          8          6 
