         8          8          2          4          7          7          3          3          3          1          2          3 
         2          8          4          5          8          5          5          6          6          5          5          5 
         3          8          6          5          4          3          7          4          6          6          8          4 
         1          3          5          8          1          7          6          6          5          3          7          4 
         4          2          5          4          7          1          3          6          6          4          1          1 
         8          8          1          5          1          7          7          2          1          8          8          3 
         4          1          8          6          2          6          4          2          2          5          4          2 
         2          2          2          3          2          5          1          7          6          2          2          4 
         1          5          7          4          4          1          6          2          1          7          4          5 
         1          8          3          4          1          4          7          1          4          1          2          3 
         2          6          3          5          3          6          1          1          1          2          3          4 
         8          2          4          7          5          6          4          5          3          8          6          6 
