         8          2          6          3          4          7          6          2          7          3          5          2 
         2          7          2          4          2          4          6          3          5          6          5          5 
         8          4          6          3          5          2          4          5          4          2          1          1 
         1          3          4          3          3          4          1          2          7          2          3          2 
         1          8          3          3          4          7          5          5          7          8          3          3 
         1          4          1          8          6          8          8          7          2          2          5          3 
         1          2          2          6          4          1          1          2          3          8          7          5 
         1          6          3          2          6          5          2          4          6          3          1          3 
         3          2          2          7          7          8          2          6          1          7          3          8 
         3          3          6          1          1          8          8          2          4          2          4          3 
         5          6          7          6          7          4          5          7          8          8          8          5 
         1          2          1          4          4          4          4          3          6          3          1          8 
